100
1 5179
1 14821
1 41143
1 3967
1 42571
1 3121
1 14537
1 20947
1 28571
1 36541
1 22571
1 7817
1 25127
1 23767
1 1129
1 10303
1 1709
1 37021
1 49033
1 1511
1 6661
1 23039
1 36787
1 49603
1 1303
1 13127
1 8117
1 1997
2 49603
1 22291
2 6661
1 7517
2 1129
2 49033
2 5179
2 1997
1 49003
1 21433
2 3121
1 19213
1 49603
2 42571
1 21557
2 13127
1 36793
1 14551
2 14537
1 28097
2 49603
2 36787
2 7517
1 18719
2 1709
1 30757
1 49559
2 7817
2 41143
2 1511
2 23767
2 28571
2 10303
2 8117
2 49003
1 41333
1 43691
2 22291
1 23333
2 20947
1 38953
1 20483
1 46199
1 61
1 27283
2 20483
1 49853
1 431
2 3967
1 15641
2 22571
2 30757
2 49853
2 46199
2 23039
2 25127
1 40609
2 14551
2 21557
1 39139
2 36541
1 3181
2 37021
1 35053
2 23333
2 41333
1 36923
2 15641
2 28097
1 46229
1 17387
2 39139
