1000
1 753
1 499
1 889
2 889
1 284
2 753
1 163
1 922
1 697
2 697
1 585
1 412
1 563
1 433
2 563
1 22
1 808
2 808
2 433
2 22
2 163
2 499
2 412
1 979
2 284
1 262
2 922
1 645
2 585
1 873
2 873
2 645
1 875
2 262
2 875
1 240
2 240
2 979
1 654
2 654
1 455
2 455
1 897
1 908
1 826
2 897
2 908
2 826
1 144
2 144
1 935
2 935
1 809
2 809
1 27
2 27
1 147
1 815
2 815
2 147
1 194
2 194
1 142
2 142
1 616
2 616
1 606
1 923
1 366
1 238
1 744
1 307
2 366
2 307
2 744
1 864
1 877
2 606
2 238
2 923
1 460
2 460
2 864
1 680
1 524
1 603
2 603
1 218
2 680
1 80
2 80
2 877
2 524
1 558
1 403
2 218
1 743
2 743
2 403
1 620
1 279
2 620
2 279
1 940
2 558
2 940
1 894
2 894
1 962
1 444
2 962
1 761
2 761
2 444
1 87
1 870
2 87
1 810
2 810
1 82
1 474
1 448
2 870
2 474
2 82
1 111
2 111
1 514
2 514
1 41
2 448
1 171
1 863
1 114
2 171
1 833
2 114
1 504
2 863
2 833
1 231
2 231
1 819
2 819
1 294
1 648
2 41
2 648
1 118
2 118
1 584
1 839
1 162
1 466
1 326
1 105
2 839
1 110
2 326
2 110
1 3
1 188
1 629
2 504
1 124
2 105
1 205
1 722
1 74
2 124
1 73
2 205
2 73
1 619
1 832
1 975
1 562
1 643
1 367
2 162
1 364
1 86
1 292
1 246
1 157
1 485
2 294
2 367
2 832
1 532
2 975
1 216
1 578
1 989
1 14
1 916
1 719
2 629
1 405
2 719
2 466
1 599
2 562
1 137
2 246
1 827
1 895
1 907
2 989
1 918
2 74
1 449
1 766
1 673
2 827
1 647
1 427
2 918
1 54
1 29
2 3
2 137
2 14
2 427
2 405
1 638
1 426
2 638
2 426
2 449
1 512
1 96
2 766
2 916
1 763
1 646
2 619
1 513
1 370
1 999
1 328
2 673
2 96
2 29
2 722
1 138
2 763
2 292
1 679
2 679
2 188
2 157
1 461
2 138
1 5
2 646
2 364
2 599
2 584
1 951
1 953
1 179
1 587
1 51
1 793
2 5
2 907
1 786
1 343
2 951
2 513
1 915
2 216
2 786
1 669
2 86
1 217
2 461
2 532
2 370
1 317
2 669
2 328
2 179
1 710
1 291
1 888
2 710
1 960
1 25
2 291
1 739
2 51
1 994
2 915
1 837
1 371
1 614
1 213
2 647
2 54
2 999
1 187
2 485
1 733
1 233
1 842
1 172
1 903
1 657
2 643
1 135
2 213
1 46
2 842
1 641
2 994
2 903
2 888
2 953
1 198
2 187
1 497
2 198
2 343
2 739
1 9
2 578
1 713
2 172
1 305
2 895
2 9
2 733
1 417
1 959
1 89
2 417
2 512
2 233
1 521
2 521
2 837
2 793
2 89
1 608
1 627
1 758
1 269
2 269
2 657
1 997
2 305
2 497
2 614
1 122
1 432
1 756
2 135
1 906
2 122
1 779
1 569
2 779
1 282
1 986
1 692
2 627
2 986
2 608
1 536
1 408
1 834
2 758
1 146
1 166
2 756
1 450
2 46
1 397
2 217
2 960
1 838
2 450
2 838
2 997
2 317
2 959
1 518
1 335
1 919
1 684
1 98
1 754
1 820
1 69
2 641
1 686
2 906
1 391
1 510
1 954
1 817
1 197
1 972
1 677
2 510
2 391
1 446
2 98
2 335
1 60
1 288
1 912
2 692
1 976
1 538
1 865
1 909
1 874
1 419
1 741
2 874
1 19
2 288
1 853
2 820
2 371
1 90
1 941
2 954
1 698
2 698
2 972
2 69
2 684
2 90
1 519
2 741
2 754
1 274
2 941
1 214
1 380
1 281
2 282
2 536
1 168
1 99
2 419
2 853
2 976
1 846
2 834
2 214
2 397
2 538
1 881
2 168
2 274
2 677
2 408
1 607
2 912
1 506
2 519
1 980
1 836
1 452
1 193
2 686
2 569
1 566
2 919
2 607
2 713
2 60
1 129
1 16
1 2
1 287
1 378
1 439
2 506
2 566
1 286
1 59
1 659
2 587
1 376
1 471
1 418
1 527
2 909
2 518
2 19
1 222
1 628
1 711
1 901
1 97
1 867
1 256
2 376
1 337
1 237
2 628
1 813
1 151
2 337
2 881
2 222
2 129
2 980
1 472
2 865
1 50
1 176
2 471
1 665
2 176
1 773
2 446
1 316
2 316
2 665
2 50
2 439
1 15
1 390
2 99
2 59
2 146
2 197
2 15
2 378
1 672
1 428
1 613
2 472
2 16
1 612
1 777
1 529
2 380
2 901
2 613
1 399
2 281
2 193
1 469
1 523
2 428
1 165
2 390
1 748
2 527
1 749
2 25
2 287
1 933
2 846
1 487
2 97
2 452
1 891
2 286
2 773
1 843
1 183
1 977
1 243
2 418
1 81
2 399
1 746
1 769
2 523
1 113
2 243
1 664
1 234
2 469
1 23
2 817
1 459
1 67
2 748
2 664
2 529
2 432
2 166
1 285
1 483
1 724
1 958
2 711
2 81
1 66
1 742
1 393
1 56
2 836
2 769
2 749
2 234
2 113
2 393
2 813
1 945
2 724
1 735
1 352
1 588
1 332
2 659
1 931
1 227
1 840
2 256
1 92
2 352
2 183
1 791
1 670
1 734
1 55
1 79
1 567
1 937
2 56
1 760
1 175
2 791
2 285
2 777
2 840
2 612
1 771
1 70
2 483
2 867
2 735
1 655
2 742
1 235
1 58
1 811
2 760
2 734
1 609
1 841
1 355
1 211
2 70
1 220
2 2
1 887
1 357
2 235
2 588
2 58
1 802
1 818
1 102
2 887
2 459
1 866
1 117
2 891
2 977
2 802
2 355
2 67
2 958
2 609
1 947
2 933
1 239
1 822
2 227
2 175
1 431
2 866
1 601
2 357
1 45
2 23
1 755
1 515
2 841
1 650
1 642
2 211
2 66
1 856
2 818
1 83
1 173
1 987
2 117
1 71
1 788
2 642
2 151
2 431
1 772
2 843
2 771
2 601
2 83
2 655
1 398
2 55
1 49
2 398
2 945
2 165
1 101
1 126
1 200
1 473
1 85
2 788
1 121
2 746
1 346
1 84
2 487
2 173
2 220
1 44
2 937
2 237
1 631
1 127
1 969
2 987
1 902
2 84
1 354
1 195
2 92
1 930
1 516
2 947
2 567
2 822
2 71
1 690
1 750
1 28
2 79
2 690
1 392
2 902
2 856
2 49
1 374
1 351
2 45
2 121
1 429
2 429
1 266
2 772
1 768
1 651
2 670
1 75
2 200
2 126
2 85
2 755
2 672
2 266
2 346
2 650
1 297
1 676
2 75
1 470
1 128
1 535
2 516
1 181
2 101
1 443
2 930
1 956
1 726
1 498
2 931
2 374
1 604
2 604
2 127
1 525
1 467
1 712
2 712
2 631
1 572
2 332
2 498
2 572
1 400
1 928
2 811
2 535
1 339
1 717
2 525
1 789
1 263
2 339
2 768
2 789
1 709
2 128
1 938
1 247
2 263
2 969
2 102
2 750
2 28
1 116
2 44
1 206
1 921
1 456
2 206
1 321
2 247
1 309
2 321
2 676
2 709
2 239
2 456
2 195
2 181
2 467
1 803
2 938
1 948
2 515
1 486
1 375
1 978
2 726
2 351
1 596
2 486
2 717
2 309
2 978
1 500
1 797
1 139
2 956
1 716
1 539
2 651
1 244
1 32
2 392
2 375
1 454
2 500
1 703
1 253
2 116
1 488
2 470
1 278
1 943
2 703
1 100
1 170
1 226
2 100
2 400
2 354
2 170
2 539
2 803
1 312
2 278
2 443
1 801
1 914
1 849
2 454
2 139
2 312
2 488
2 914
2 921
1 338
1 52
1 465
1 533
1 537
2 537
2 52
2 244
1 545
1 293
1 409
2 596
2 545
2 338
2 797
2 226
1 579
1 787
1 271
1 508
2 508
1 828
2 32
2 787
1 780
1 602
1 353
1 553
2 943
1 385
1 974
2 473
2 828
2 353
1 917
2 579
2 928
2 974
2 533
2 409
1 575
1 295
2 602
1 799
2 271
2 293
2 799
1 12
2 297
1 656
1 267
1 598
1 484
1 707
2 465
2 553
2 385
2 780
1 476
1 653
1 882
2 948
2 707
2 295
2 653
1 774
1 639
2 12
1 784
1 72
1 855
1 526
2 882
2 801
1 542
2 656
1 559
2 476
2 774
1 666
2 267
1 131
1 17
2 849
1 250
2 598
1 973
1 42
2 131
1 435
1 663
2 973
1 311
1 944
1 952
2 917
2 559
2 663
1 687
2 484
