1000
1 753
1 499
1 889
1 24
1 284
1 477
1 163
1 922
1 697
1 190
1 585
1 412
1 563
1 433
1 691
1 22
1 808
1 261
1 463
1 442
1 530
1 158
1 727
1 979
1 854
1 262
1 153
1 645
1 148
1 873
1 223
1 208
1 875
1 219
1 884
1 240
1 775
1 95
1 654
1 783
1 455
1 1
1 897
1 908
1 826
1 868
1 576
1 573
1 144
1 416
1 935
1 372
1 809
1 306
1 27
1 871
1 147
1 815
1 964
1 106
1 194
1 700
1 142
1 759
1 616
1 109
1 606
1 923
1 366
1 238
1 744
1 307
1 570
1 318
1 554
1 864
1 877
1 591
1 574
1 634
1 460
1 765
1 457
1 680
1 524
1 603
1 232
1 218
1 185
1 80
1 511
1 164
1 451
1 558
1 403
1 998
1 743
1 383
1 630
1 620
1 279
1 210
1 816
1 940
1 732
1 21
1 894
1 134
1 962
1 444
1 544
1 761
1 242
1 260
1 87
1 870
1 421
1 810
1 858
1 82
1 474
1 448
1 966
1 154
1 108
1 111
1 890
1 514
1 275
1 41
1 794
1 171
1 863
1 114
1 911
1 833
1 658
1 504
1 140
1 491
1 231
1 447
1 819
1 736
1 294
1 648
1 982
1 729
1 118
1 796
1 584
1 839
1 162
1 466
1 326
1 105
1 169
1 110
1 30
1 728
1 3
1 188
1 629
1 384
1 124
1 714
1 205
1 722
1 74
1 668
1 73
1 597
1 359
1 619
1 832
1 975
1 562
1 643
1 367
1 422
1 364
1 86
1 292
1 246
1 157
1 485
1 785
1 501
1 387
1 532
1 821
1 216
1 578
1 989
1 14
1 916
1 719
1 981
1 405
1 255
1 104
1 599
1 893
1 137
1 900
1 827
1 895
1 907
1 507
1 918
1 57
1 449
1 766
1 673
1 967
1 647
1 427
1 738
1 54
1 29
1 38
1 308
1 296
1 333
1 615
1 638
1 426
1 174
1 770
1 401
1 512
1 96
1 230
1 319
1 763
1 646
1 565
1 513
1 370
1 999
1 328
1 804
1 481
1 661
1 636
1 138
1 927
1 290
1 679
1 156
1 348
1 10
1 461
1 94
1 5
1 373
1 823
1 869
1 411
1 951
1 953
1 179
1 587
1 51
1 793
1 349
1 851
1 786
1 343
1 389
1 992
1 915
1 199
1 534
1 669
1 675
1 217
1 394
1 740
1 883
1 317
1 807
1 857
1 683
1 710
1 291
1 888
1 1000
1 960
1 25
1 850
1 739
1 946
1 994
1 621
1 837
1 371
1 614
1 213
1 852
1 990
1 325
1 187
1 632
1 733
1 233
1 842
1 172
1 903
1 657
1 861
1 135
1 624
1 46
1 844
1 641
1 123
1 182
1 39
1 78
1 198
1 547
1 497
1 283
1 721
1 76
1 9
1 831
1 713
1 415
1 305
1 301
1 425
1 159
1 417
1 959
1 89
1 920
1 649
1 259
1 521
1 341
1 560
1 381
1 731
1 608
1 627
1 758
1 269
1 913
1 503
1 997
1 520
1 996
1 323
1 122
1 432
1 756
1 880
1 906
1 141
1 779
1 569
1 245
1 282
1 986
1 692
1 983
1 522
1 345
1 536
1 408
1 834
1 847
1 146
1 166
1 878
1 450
1 950
1 397
1 782
1 747
1 838
1 762
1 611
1 103
1 482
1 35
1 518
1 335
1 919
1 684
1 98
1 754
1 820
1 69
1 701
1 686
1 556
1 391
1 510
1 954
1 817
1 197
1 972
1 677
1 360
1 955
1 446
1 315
1 257
1 60
1 288
1 912
1 386
1 976
1 538
1 865
1 909
1 874
1 419
1 741
1 764
1 19
1 40
1 853
1 970
1 829
1 90
1 941
1 320
1 698
1 594
1 160
1 430
1 464
1 276
1 519
1 814
1 662
1 274
1 899
1 214
1 380
1 281
1 112
1 7
1 168
1 99
1 377
1 682
1 18
1 846
1 363
1 248
1 303
1 406
1 881
1 581
1 423
1 805
1 528
1 607
1 350
1 506
1 125
1 980
1 836
1 452
1 193
1 93
1 961
1 566
1 369
1 633
1 550
1 272
1 129
1 16
1 2
1 287
1 378
1 439
1 988
1 745
1 286
1 59
1 659
1 143
1 376
1 471
1 418
1 527
1 161
1 209
1 115
1 222
1 628
1 711
1 901
1 97
1 867
1 256
2 491
1 337
2 982
1 8
1 813
1 151
2 510
2 138
2 988
2 697
1 228
1 472
1 936
1 50
2 93
1 708
2 728
1 119
2 275
2 269
2 290
2 194
2 627
2 864
2 813
1 15
2 364
1 458
1 344
2 50
1 531
1 751
2 333
2 912
1 428
1 613
1 635
2 73
1 612
1 777
1 529
1 583
2 659
1 322
2 751
1 723
1 795
1 469
2 587
1 313
2 901
2 850
1 748
1 264
1 749
1 767
2 363
2 808
1 268
1 487
1 939
1 379
1 891
2 721
1 757
1 843
1 183
1 977
2 143
2 411
1 81
1 674
1 746
2 169
1 618
1 113
2 233
1 664
1 234
1 229
2 880
1 251
1 459
2 384
2 729
2 198
1 568
2 632
2 268
1 285
2 451
1 724
1 958
1 910
2 744
1 66
1 742
1 393
2 455
2 967
1 517
2 401
1 177
1 480
1 413
1 342
2 986
1 623
1 735
1 352
1 588
2 199
2 16
1 931
1 227
2 82
1 610
1 92
2 458
1 340
2 996
1 670
1 734
2 867
2 527
2 547
1 937
1 402
2 40
2 817
2 163
2 158
2 219
2 340
1 505
2 765
1 70
2 804
1 48
1 688
1 655
2 97
2 284
1 58
2 444
2 922
1 571
2 417
2 144
2 360
1 211
2 504
2 251
2 550
2 585
2 367
2 21
2 403
2 222
1 802
2 962
2 81
1 968
2 240
1 866
1 117
1 201
2 979
2 570
2 534
2 829
1 327
2 315
2 754
1 356
1 239
2 291
1 694
2 870
1 431
2 519
1 601
2 998
1 45
2 958
1 755
2 851
2 18
2 927
1 642
1 965
1 441
2 427
1 685
1 83
1 173
2 740
1 637
2 151
1 788
1 548
1 68
2 66
1 772
2 156
1 932
1 47
2 563
1 130
1 398
1 752
1 49
2 320
2 171
2 839
1 101
2 481
1 200
1 473
1 85
1 265
2 636
1 468
1 346
1 84
1 934
1 277
2 538
2 110
2 468
2 418
1 631
1 127
2 873
2 119
2 350
1 314
1 354
2 325
2 836
2 807
1 516
1 718
2 45
2 276
2 262
2 894
1 750
1 28
2 140
1 414
2 30
2 346
2 213
1 580
1 374
2 78
1 509
2 686
2 245
1 186
2 369
1 33
2 327
2 908
2 397
2 536
1 410
1 898
2 370
1 62
1 667
1 798
2 242
2 770
2 147
1 676
1 963
1 470
1 128
2 603
2 684
1 181
2 820
2 763
2 560
2 223
1 726
2 461
2 113
2 398
2 464
2 441
1 879
2 620
1 467
1 712
2 124
1 561
2 724
1 543
2 265
2 814
1 400
1 928
2 83
2 645
1 339
1 717
2 460
1 789
1 263
2 875
2 832
1 404
1 709
1 192
2 554
1 247
1 20
2 378
1 202
1 896
2 745
1 116
1 252
1 206
2 544
1 456
2 649
1 321
2 22
1 309
1 555
2 111
1 924
1 132
1 155
2 20
2 694
1 336
2 339
2 469
1 948
2 847
2 568
2 261
1 978
2 975
2 371
1 596
1 299
2 900
2 193
2 854
1 500
2 57
2 234
1 546
2 129
2 970
2 38
2 179
2 786
2 247
2 955
2 415
2 701
2 474
1 253
2 718
1 488
1 298
2 611
1 943
1 605
1 100
2 238
2 27
1 845
1 304
1 365
2 558
2 884
2 206
2 197
1 438
1 330
1 801
2 209
2 877
2 419
1 660
2 425
2 182
1 4
2 317
2 101
1 52
1 465
1 533
1 537
1 904
2 834
1 273
2 513
2 134
2 655
1 589
1 361
1 622
2 937
2 924
1 579
1 787
1 271
2 874
1 625
1 828
2 726
2 288
2 377
2 574
1 353
2 313
2 610
1 385
2 990
1 61
2 766
1 88
1 917
2 668
1 502
2 890
2 622
2 87
1 575
1 295
2 662
2 381
2 752
1 424
2 758
1 12
1 541
2 732
2 647
1 598
1 484
2 837
1 705
2 499
1 730
1 300
2 125
1 653
2 414
1 180
1 396
2 664
1 706
2 692
2 186
1 358
2 597
2 438
1 855
1 526
2 386
2 159
2 674
2 939
1 559
1 479
2 961
2 866
2 981
2 543
1 17
1 221
2 477
1 63
2 263
1 42
1 792
1 435
2 14
1 437
2 891
2 950
1 952
2 861
2 757
2 700
1 687
2 916
