1000
1 8963
1 439
1 32237
1 26227
1 22171
1 5897
1 4999
1 2383
1 19501
1 47819
1 16481
1 33247
1 7669
1 49069
1 8243
1 22441
1 12437
1 21383
1 30809
1 8087
1 457
1 38113
1 71
1 14947
1 7219
1 8783
1 1681
1 67
1 23321
1 3967
1 29873
1 32587
1 25889
1 19213
1 49117
1 29663
1 38047
1 11321
1 859
1 11959
1 28393
1 6577
1 9587
1 31189
1 44533
1 35537
1 11287
1 40591
1 32003
1 49831
1 41233
1 32653
1 34159
1 21487
1 6959
1 29387
1 30941
1 38917
1 28579
1 18223
1 49939
1 35051
1 269
1 277
1 35747
1 24481
1 29423
1 6661
1 2269
1 7963
1 3613
1 15361
1 23629
1 20717
1 32029
1 16607
1 2099
1 48751
1 5113
1 43801
1 30689
1 46919
1 27917
1 41017
1 20929
1 1571
1 23633
1 38039
1 32939
1 5791
1 28813
1 35393
1 23977
1 29201
1 4349
1 47147
1 48049
1 34883
1 14173
1 36709
1 42283
1 13457
1 49081
1 13523
1 14843
1 31723
1 33347
1 30109
1 20411
1 20959
1 19609
1 43913
1 26573
1 7643
1 8693
1 9613
1 11483
1 10321
1 31729
1 18047
1 6781
1 15031
1 22229
1 3671
1 23981
1 49
1 9479
1 23039
1 26633
1 24359
1 27527
1 125
1 29327
1 9473
1 25439
1 21529
1 39827
1 15391
1 11083
1 36629
1 28027
1 20549
1 12799
1 10399
1 1747
1 20983
1 30323
1 24151
1 20369
1 42979
1 9011
1 6967
1 44909
1 14389
1 39841
1 30403
1 11437
1 49363
1 47917
1 44029
1 15569
1 1429
1 953
1 39883
1 40927
1 9871
1 34261
1 15913
1 38299
1 347
1 39799
1 29009
1 30517
1 22279
1 35797
1 6373
1 16001
1 36787
1 17791
1 26459
1 7621
1 8191
1 32933
1 2447
1 43117
1 42841
1 13879
1 21143
1 17747
1 18097
1 8423
1 43793
1 1019
1 26293
1 22877
1 20749
1 343
1 34537
1 34327
1 22717
1 1033
1 46301
1 24107
1 20939
1 40459
1 1489
1 5737
1 10597
1 43943
1 16547
1 9323
1 34031
1 35353
1 20809
1 23827
1 36083
1 17623
1 5003
1 34759
1 23159
1 32089
1 4027
1 21317
1 32833
1 38431
1 4913
1 13763
1 10273
1 21283
1 29191
1 43963
1 10039
1 31883
1 10607
1 48121
1 40241
1 13381
1 40801
1 24781
1 19891
1 30223
1 967
1 17321
1 7187
1 6257
1 33637
1 14323
1 39019
1 6067
1 40787
1 30347
1 24203
1 42589
1 38699
1 44293
1 15887
1 5521
1 35831
1 30133
1 6143
1 34939
1 3631
1 18427
1 8443
1 21589
1 40169
1 28283
1 20963
1 14957
1 18289
1 35677
1 17317
1 46261
1 46271
1 4231
1 23167
1 48541
1 39521
1 1381
1 3701
1 47017
1 5651
1 14071
1 41543
1 19139
1 3209
1 30071
1 41113
1 6397
1 35753
1 9749
1 139
1 20089
1 12577
1 1307
1 34841
1 22651
1 11117
1 7457
1 34591
1 15803
1 24907
1 30449
1 25969
1 1699
1 30367
1 28607
1 10139
1 49477
1 9643
1 43207
1 16384
1 23813
1 34231
1 3511
1 46589
1 19937
1 19471
1 38287
1 33353
1 26153
1 14633
1 21227
1 3137
1 47513
1 18443
1 15383
1 3881
1 23053
1 25981
1 33107
1 29531
1 13177
1 26627
1 15791
1 18731
1 709
1 13933
1 47
1 13417
1 25373
1 4751
1 48593
1 1499
1 5021
1 5351
1 25183
1 49031
1 36109
1 39671
1 45949
1 34469
1 37483
1 839
1 38459
1 5441
1 43151
1 47419
1 14387
1 12071
1 9733
1 22787
1 31223
1 1543
1 12289
1 131
1 42773
1 23539
1 10687
1 22859
1 45139
1 32621
1 28351
1 31051
1 20477
1 19157
1 39679
1 21727
1 617
1 7823
1 34147
1 3089
1 33587
1 2089
1 9349
1 3833
1 4793
1 45869
1 30859
1 4621
1 46853
1 3727
1 42193
1 27631
1 32429
1 8941
1 35059
1 38351
1 26783
1 24943
1 5119
1 32971
1 31547
1 22447
1 42571
1 7487
1 6263
1 3313
1 42407
1 15263
1 48473
1 25229
1 10133
1 3659
1 881
1 47129
1 4967
1 9929
1 21773
1 3203
1 7937
1 30029
1 46307
1 37087
1 36583
1 19259
1 20611
1 12301
1 21587
1 18181
1 28123
1 33359
1 37813
1 21491
1 21419
1 28687
1 2809
1 2371
1 12841
1 12919
1 4637
1 19037
1 49003
1 9281
1 48781
1 7079
1 32693
1 10201
1 48353
1 22391
1 45289
1 27773
1 19683
1 35267
1 30911
1 16693
1 37799
1 14759
1 8753
1 16451
1 24097
1 9661
1 36451
1 2711
1 16927
1 33601
1 15313
1 13063
1 8147
1 26029
1 30557
1 45293
1 11939
1 13799
1 18269
1 5189
1 6563
1 46691
1 26017
1 40903
1 29
1 39829
1 11953
1 26183
1 9491
1 31891
1 41299
1 45131
1 25799
1 10331
1 15767
1 32411
1 23887
1 36529
1 22201
1 12251
1 7589
1 45737
1 48481
1 29453
1 3823
1 40637
1 44383
1 44621
1 2347
1 23369
1 29641
1 9851
1 20903
1 28403
1 15401
1 27103
1 6043
1 20287
1 29437
1 12379
1 13109
1 34747
1 39953
1 21683
1 8081
1 10211
1 12239
1 45667
1 463
1 46619
1 15227
1 43753
1 5639
1 12377
1 2467
1 1163
1 47563
1 19813
1 41243
1 42299
1 49537
1 47653
1 7193
1 30319
1 43403
1 31727
1 31079
1 45589
1 19697
1 15551
1 32497
1 5477
1 6719
1 29837
1 16193
1 47881
1 28309
1 1259
1 19541
1 25717
1 7211
1 3637
1 5153
1 13873
1 37991
1 8713
1 11311
1 42187
1 48341
1 19403
1 10891
1 29221
1 35053
1 46279
1 36973
1 32503
1 17077
1 12433
1 137
1 3061
1 2677
1 39317
1 13313
1 359
1 22111
1 911
1 20483
1 47777
1 41521
1 1097
1 44179
1 10289
1 30671
1 22669
1 16057
1 34871
1 35437
1 34501
1 22303
1 16829
1 23747
1 32843
1 32789
1 7873
1 12547
1 32143
1 20921
1 3929
1 28859
1 12821
1 21407
1 38903
1 17657
1 1091
1 21521
1 40123
1 26953
1 13759
1 3557
1 18169
1 17921
1 31147
1 39383
1 35327
1 7243
1 11621
1 33809
1 1237
1 19753
1 37019
1 37369
1 7583
1 40849
1 1511
1 24793
1 21377
1 36013
1 2273
1 39761
1 27739
1 29929
1 907
1 5869
1 41
1 45137
1 34843
1 41897
1 8969
1 24821
1 27191
1 48281
1 29611
1 16231
1 38261
1 3481
1 31847
1 40699
1 49463
1 11443
1 21893
1 13681
1 48157
1 14657
1 41621
1 3461
1 5417
1 22147
1 34129
1 29153
1 34631
1 10733
1 7451
1 28151
1 23201
1 9547
1 733
1 13007
1 20681
1 46073
1 9199
1 48799
1 18131
1 3617
1 18401
1 43037
1 10771
1 21397
1 367
1 10627
1 25999
1 12973
1 7591
1 40277
1 37361
1 9923
1 28517
1 5101
1 47111
1 1103
1 8563
1 8192
1 37957
1 7703
1 46877
1 39847
1 26891
1 4663
1 7229
1 2137
1 9533
1 41269
1 26813
1 46601
1 46933
1 18233
1 33547
1 10723
1 467
1 9007
1 37357
1 25111
1 37847
1 36697
1 4457
1 12659
1 11617
1 37987
1 7507
1 89
1 15329
1 39869
1 36137
1 15217
1 36299
1 37189
1 37201
1 26687
1 7759
1 23767
1 17609
1 11329
1 26833
1 23957
1 45181
1 3299
1 20563
1 6449
1 20249
1 24373
1 6551
1 34511
1 2281
1 11969
1 12917
1 8597
1 34471
1 5923
1 17033
1 8219
1 30187
1 29753
1 31849
1 19163
1 34693
1 7867
1 25603
1 23071
1 35317
1 23063
1 21557
1 1223
1 48527
1 35159
1 36877
1 33871
1 36389
1 48163
1 43787
1 13901
1 14713
1 4969
1 16649
1 36467
1 37571
1 13729
1 46751
1 44579
1 39719
1 44587
1 9679
1 36779
1 11069
1 6857
1 44371
1 32797
1 14503
1 21599
1 28163
1 4339
1 22381
1 11903
1 25057
1 9551
1 43319
1 3257
1 2741
1 24371
1 30773
1 43973
1 26863
1 12953
1 1117
1 32579
1 26641
1 7127
1 1867
1 39241
1 1583
1 30803
1 9173
1 8599
1 6829
1 38183
1 44017
1 48679
1 48023
1 17191
1 29167
1 44549
1 33049
1 10939
1 26417
1 46471
1 169
1 48313
1 42703
1 45307
1 23899
1 42359
1 38737
1 12497
1 25819
1 46199
1 13241
1 23911
1 9941
1 409
1 35279
1 43961
1 45943
1 1609
1 34301
1 42071
1 26251
1 8101
1 24659
1 9973
1 34679
1 32099
1 22621
1 1999
1 49019
1 4153
1 43051
1 29927
1 11047
1 24499
1 23371
1 10729
1 37693
1 25639
1 26053
1 8069
1 18919
1 48221
1 39857
1 25349
1 22691
1 42899
1 17053
1 4909
1 5009
1 8971
1 48131
1 32323
1 9743
1 13649
1 28019
1 19793
1 37591
1 32359
1 37363
1 47599
1 25447
1 38231
1 6317
1 6803
1 16349
1 14939
1 36637
1 25997
1 15137
1 38833
1 44129
1 19489
1 33961
1 24533
1 13367
1 37633
1 4483
1 12241
1 17161
1 8353
1 15881
1 18899
1 2551
1 7727
1 38747
1 17359
1 1549
1 32077
1 48259
1 5279
1 17489
1 32491
1 49109
1 33469
1 15233
1 21323
1 46273
1 45613
1 28753
1 18493
1 19079
1 35543
1 7853
1 10613
1 44563
1 18973
1 41399
1 5
1 21277
1 10163
1 19309
1 11801
1 9397
1 38767
1 29789
1 36931
1 36809
1 31033
1 30011
1 5839
1 21059
1 45343
1 49597
1 19013
1 30971
1 9413
1 10859
1 9419
1 25657
1 42797
1 4271
1 37691
1 49033
1 31183
1 8737
1 6899
1 22637
1 20773
1 23761
1 49417
1 16871
1 32233
1 34381
1 7877
1 42937
1 4021
1 34961
1 27551
1 4649
1 46573
1 44101
1 42131
1 34319
1 29173
1 23857
1 3001
1 12269
1 9187
1 41957
1 18119
1 42169
1 11941
1 39989
1 9127
1 30119
1 41597
1 5443
1 11701
1 5023
1 8933
1 26879
