1000
1 753
1 499
1 889
1 24
1 284
1 477
1 163
1 922
1 697
1 190
1 585
1 412
1 563
1 433
1 691
1 22
1 808
1 261
1 463
1 442
1 530
1 158
1 727
1 979
1 854
1 262
1 153
1 645
1 148
1 873
1 223
1 208
1 875
1 219
1 884
1 240
1 775
1 95
1 654
1 783
1 455
1 1
1 897
1 908
1 826
1 868
1 576
1 573
1 144
1 416
1 935
1 372
1 809
1 306
1 27
1 871
1 147
1 815
1 964
1 106
1 194
1 700
1 142
1 759
1 616
1 109
1 606
1 923
1 366
1 238
1 744
1 307
1 570
1 318
1 554
1 864
1 877
1 591
1 574
1 634
1 460
1 765
1 457
1 680
1 524
1 603
1 232
1 218
1 185
1 80
1 511
1 164
1 451
1 558
1 403
1 998
1 743
1 383
1 630
1 620
1 279
1 210
1 816
1 940
1 732
1 21
1 894
1 134
1 962
1 444
1 544
1 761
1 242
1 260
1 87
1 870
1 421
1 810
1 858
1 82
1 474
1 448
1 966
1 154
1 108
1 111
1 890
1 514
1 275
1 41
1 794
1 171
1 863
1 114
1 911
1 833
1 658
1 504
1 140
1 491
1 231
1 447
1 819
1 736
1 294
1 648
1 982
1 729
1 118
1 796
1 584
1 839
1 162
1 466
1 326
1 105
1 169
1 110
1 30
1 728
1 3
1 188
1 629
1 384
1 124
1 714
1 205
1 722
1 74
1 668
1 73
1 597
1 359
1 619
1 832
1 975
1 562
1 643
1 367
1 422
1 364
1 86
1 292
1 246
1 157
1 485
1 785
1 501
1 387
1 532
1 821
1 216
1 578
1 989
1 14
1 916
1 719
1 981
1 405
1 255
1 104
1 599
1 893
1 137
1 900
1 827
1 895
1 907
1 507
1 918
1 57
1 449
1 766
1 673
1 967
1 647
1 427
1 738
1 54
1 29
1 38
1 308
1 296
1 333
1 615
1 638
1 426
1 174
1 770
1 401
1 512
1 96
1 230
1 319
1 763
1 646
1 565
1 513
1 370
1 999
1 328
1 804
1 481
1 661
1 636
1 138
1 927
1 290
1 679
1 156
1 348
1 10
1 461
1 94
1 5
1 373
1 823
1 869
1 411
1 951
1 953
1 179
1 587
1 51
1 793
1 349
1 851
1 786
1 343
1 389
1 992
1 915
1 199
1 534
1 669
1 675
1 217
1 394
1 740
1 883
1 317
1 807
1 857
1 683
1 710
1 291
1 888
1 1000
1 960
1 25
1 850
1 739
1 946
1 994
1 621
1 837
1 371
1 614
1 213
1 852
1 990
1 325
1 187
1 632
1 733
1 233
1 842
1 172
1 903
1 657
1 861
1 135
1 624
1 46
1 844
1 641
1 123
1 182
1 39
1 78
1 198
1 547
1 497
1 283
1 721
1 76
1 9
1 831
1 713
1 415
1 305
1 301
1 425
1 159
1 417
1 959
1 89
1 920
1 649
1 259
1 521
1 341
1 560
1 381
1 731
1 608
1 627
1 758
1 269
1 913
1 503
1 997
1 520
1 996
1 323
1 122
1 432
1 756
1 880
1 906
1 141
1 779
1 569
1 245
1 282
1 986
1 692
1 983
1 522
1 345
1 536
1 408
1 834
1 847
1 146
1 166
1 878
1 450
1 950
1 397
1 782
1 747
1 838
1 762
1 611
1 103
1 482
1 35
1 518
1 335
1 919
1 684
1 98
1 754
1 820
1 69
1 701
1 686
1 556
1 391
1 510
1 954
1 817
1 197
1 972
1 677
1 360
1 955
1 446
1 315
1 257
1 60
1 288
1 912
1 386
1 976
1 538
1 865
1 909
1 874
1 419
1 741
1 764
1 19
1 40
1 853
1 970
1 829
1 90
1 941
1 320
1 698
1 594
1 160
1 430
1 464
1 276
1 519
1 814
1 662
1 274
1 899
1 214
1 380
1 281
1 112
1 7
1 168
1 99
1 377
1 682
1 18
1 846
1 363
1 248
1 303
1 406
1 881
1 581
1 423
1 805
1 528
1 607
1 350
1 506
1 125
1 980
1 836
1 452
1 193
1 93
1 961
1 566
1 369
1 633
1 550
1 272
1 129
1 16
1 2
1 287
1 378
1 439
1 988
1 745
1 286
1 59
1 659
1 143
1 376
1 471
1 418
1 527
1 161
1 209
1 115
1 222
1 628
1 711
1 901
1 97
2 805
2 669
2 814
2 406
2 912
2 372
2 82
2 425
2 394
2 386
2 682
2 482
2 444
2 194
2 658
2 99
2 76
2 810
2 629
2 323
2 770
2 518
2 118
2 916
2 959
2 477
2 747
2 899
2 93
2 284
2 775
2 366
2 743
2 547
2 783
2 10
2 417
2 647
2 900
2 615
2 513
2 282
2 838
2 190
2 901
2 174
2 578
2 439
2 819
2 633
2 430
2 935
2 562
2 455
2 594
2 95
2 172
2 636
2 975
2 560
2 86
2 377
2 874
2 913
2 111
2 585
2 915
2 808
2 962
2 129
2 520
2 104
2 946
2 675
2 758
2 408
2 449
2 544
2 986
2 103
2 982
2 137
2 918
2 19
2 950
2 732
2 673
2 30
2 134
2 371
2 317
2 74
2 940
2 232
2 643
2 871
2 2
2 858
2 880
2 1
2 39
2 554
2 415
2 98
2 683
2 754
2 710
2 729
2 834
2 727
2 418
2 536
2 89
2 534
2 584
2 528
2 634
2 25
2 463
2 291
2 794
2 606
2 364
2 569
2 864
2 923
2 411
2 296
2 269
2 80
2 481
2 231
2 51
2 980
2 457
2 570
2 41
2 144
2 179
2 697
2 524
2 159
2 112
2 164
2 464
2 627
2 997
2 684
2 350
2 878
2 319
2 7
2 1000
2 14
2 877
2 446
2 804
2 106
2 110
2 485
2 198
2 461
2 889
2 452
2 821
2 744
2 599
2 335
2 782
2 147
2 217
2 816
2 218
2 766
2 614
2 447
2 326
2 922
2 608
2 846
2 603
2 343
2 728
2 519
2 97
2 661
2 698
2 142
2 373
2 953
2 713
2 648
2 512
2 188
2 262
2 16
2 759
2 680
2 275
2 521
2 616
2 380
2 983
2 223
2 854
2 141
2 700
2 738
2 333
2 573
2 566
2 391
2 857
2 426
2 158
2 460
2 78
2 255
2 649
2 897
2 348
2 679
2 199
2 826
2 397
2 883
2 401
2 966
2 292
2 306
2 753
2 328
2 970
2 257
2 182
2 988
2 976
2 209
2 115
2 628
2 466
2 908
2 927
2 779
2 722
2 233
2 138
2 214
2 166
2 869
2 29
2 421
2 731
2 448
2 527
2 638
2 381
2 501
2 21
2 161
2 22
2 686
2 162
2 919
2 359
2 861
2 54
2 287
2 510
2 9
2 193
2 740
2 122
2 171
2 630
2 320
2 305
2 240
2 823
2 809
2 852
2 832
2 148
2 433
2 90
2 245
2 24
2 301
2 761
2 719
2 442
2 865
2 556
2 711
2 701
2 59
2 955
2 168
2 574
2 873
2 389
2 884
2 307
2 842
2 286
2 989
2 163
2 276
2 657
2 785
2 360
2 581
2 903
2 591
2 105
2 829
2 827
2 384
2 279
2 57
2 619
2 807
2 109
2 46
2 907
2 979
2 895
2 992
2 5
2 94
2 450
2 587
2 318
2 432
2 863
2 73
2 419
2 451
2 403
2 815
2 242
2 160
2 230
2 153
2 646
2 123
2 964
2 140
2 427
2 208
2 733
2 423
2 764
2 994
2 35
2 96
2 620
2 169
2 745
2 511
2 851
2 621
2 607
2 951
2 114
2 222
2 370
2 187
2 146
2 961
2 205
2 260
2 833
2 881
2 890
2 739
2 920
2 213
2 721
2 691
2 248
2 387
2 246
2 632
2 156
2 654
2 765
2 736
2 762
2 906
2 274
2 185
2 474
2 491
2 850
2 853
2 325
2 135
2 888
2 503
2 786
2 261
2 538
2 741
2 38
2 143
2 369
2 3
2 154
2 219
2 981
2 532
2 60
2 756
2 820
2 868
2 565
2 793
2 894
2 677
2 645
2 422
2 283
2 576
2 624
2 272
2 999
2 383
2 998
2 893
2 839
2 506
2 996
2 341
2 303
2 281
2 499
2 157
2 662
2 504
2 514
2 308
2 960
2 837
2 294
2 967
2 941
2 763
2 870
2 376
2 124
2 796
2 847
2 659
2 836
2 367
2 416
2 692
2 563
2 507
2 911
2 972
2 259
2 210
2 405
2 290
2 844
2 345
2 831
2 558
2 40
2 522
2 641
2 349
2 497
2 288
2 125
2 363
2 875
2 471
2 108
2 315
2 530
2 550
2 216
2 714
2 27
2 909
2 197
2 87
2 238
2 412
2 597
2 69
2 817
2 18
2 990
2 668
2 378
