100
1 28
1 53
2 28
1 93
2 93
2 53
1 52
1 98
2 98
1 62
1 37
1 30
2 52
2 37
2 62
1 10
1 80
2 80
1 48
2 30
2 48
2 10
1 20
2 20
1 54
2 54
1 15
1 92
1 33
1 59
2 59
1 60
2 60
2 15
2 92
2 33
1 58
2 58
1 75
2 75
1 44
1 14
2 44
1 85
2 14
2 85
1 47
2 47
1 86
1 31
2 31
2 86
1 29
1 97
2 97
1 42
1 78
2 78
1 65
2 65
2 29
1 41
1 43
2 42
1 95
1 99
2 99
1 83
1 24
2 24
2 95
1 19
1 84
2 19
1 100
2 41
1 38
1 74
2 38
1 1
1 91
2 83
1 13
2 84
2 100
1 49
2 13
2 91
2 74
2 43
2 1
1 22
1 8
2 49
1 45
1 34
2 22
2 8
1 3
2 45
